-1.167461727889611833e-01 5.953565810426094534e-02 6.548200808444345870e-03 5.745645219150219418e-01 1.215588424096787079e-01 -3.322070297277369966e-02 2.285261320233463733e-01 -1.733455988108045520e-01 2.020342140047749757e-01 -1.080291814674213119e-01 -2.411855017478306829e-01 -3.504820874002078646e-01 -1.708281321552012899e-01 1.873100264452229047e-01 -2.557495302625388822e-01 -3.166755955206581041e-01
3.521229724700060126e-01 -1.988669050844841801e-01 -4.302007222744853587e-01 1.627780375544804148e+00 -3.357170734332609041e-01 -7.281914528308645884e-02 1.020642001204552160e-02 -3.612496820730922154e-01 1.436580249858125491e+00 -4.624202019052142121e-01 -1.329278572925273627e+00 -4.156417616097122791e-01 -2.626008720250925799e-01 6.638545469515387820e-01 -4.264884874156227856e-01 -1.224354165086621871e+00
7.484257771513690150e-02 -9.848398937788988006e-02 -1.329536717185711703e-01 4.334090015559687870e-01 -1.614022071450100237e-01 -3.455543814546848669e-01 3.423741070994719138e-01 7.361585915483232108e-03 2.807128974017010226e-01 -6.180735977212813842e-02 -3.185217927774008362e-01 -2.445093425556236488e-01 -3.404861328458672620e-01 3.704372927651811837e-02 1.732094889993522624e-02 -6.757995897921834638e-01
1.865503275870652455e-01 -4.233696460006458606e-02 1.492517957372997417e-01 1.264307619068144595e-01 1.459614797335045955e-01 2.141066353811243717e-01 -1.484656434591384404e-02 -2.125811503200737695e-01 1.473681488238430259e-01 7.586381319872852712e-03 2.838245281595269676e-01 4.093757978521495033e-02 -1.681153110068024648e-01 -1.315584766554804830e-01 2.236837293459440490e-01 6.890094115707591227e-01
2.952208404313326762e-01 -3.456938231895269054e-01 -9.738695088845480963e-02 4.920130544707279618e-01 -1.523499500462698608e-01 -2.695913472164891966e-01 2.301174689081973979e-01 -1.791082255615800145e-01 4.063538520185453473e-01 3.116137048193164810e-02 -4.484807882183773908e-01 -1.616302470515136591e-01 -1.293907585381157133e-01 -1.851097025475752266e-03 -3.437113925609874276e-01 -4.233158753615215431e-01
-1.646199827991382258e-01 4.064916526434981803e-01 1.415994310996461225e-01 7.220329979838292500e-01 -1.147656499911733574e+00 2.365103781485452250e-01 -5.252457605369291738e-01 7.572186474822135971e-02 9.406193638655155342e-02 2.938824579682212668e-01 -5.733390004193436029e-01 2.325975303451327525e-01 2.027984077490708748e-01 -3.776727692956778348e-01 3.609722256095257986e-01 -7.311787551636460547e-01
-1.977474742272046851e-02 9.217278707443722630e-02 1.166464754491890604e-01 -3.668648239389664667e-01 3.738305745109601202e-02 1.798220735895133537e-01 5.022871925703778495e-02 -1.151729745551124950e-01 -3.780096628872172682e-01 2.523372602694765598e-01 -5.273228880186898310e-02 3.105374258460090187e-01 1.957442571285259170e-01 1.094501090045806903e-02 3.059074765186088618e-02 -3.563214747143101380e-01
-3.519878810554376014e-01 -2.418129543513799010e-02 1.002612515569193674e-01 9.887676200389711526e-03 2.353975942407121047e-01 3.993231235616710451e-01 -3.374380806288854173e-01 1.482929398213226613e-01 1.359922010146989768e+00 2.083462813186678919e-01 1.051926159614992029e-01 2.366398623472308616e-01 1.919497863347733591e-01 -4.441084576116430815e-01 3.908035480595903333e-01 2.337875702051097071e-01
1.267558412104153320e-01 -5.802327983198800332e-02 -4.149243592914977907e-02 4.001576922980206730e-01 -2.020702455393356967e-01 1.448586083576550165e-01 1.918769799724459324e-01 -1.005666826214430126e-01 7.279214463502260701e-02 -8.329520521122513177e-02 -8.917368317381148268e-02 1.360967382752096277e-01 -1.486909372820706121e-01 1.504787914722992281e-01 -1.103800342478289398e-01 -3.286262587847045835e-01
7.832350916444381916e-02 -1.362606907815967772e-01 -3.124928243438577780e-01 4.063883229864335284e-02 2.959378916360196898e-01 1.462167455221648205e-01 3.176557336781980490e-01 -2.459507233963855594e-02 5.406371132487744480e-02 -8.438931419224610098e-02 -1.737017039603289126e-01 6.128423443463260067e-02 6.815347763675765882e-04 5.917208400793824707e-02 -3.808136261511955306e-02 -2.688627370177540388e-01
-3.162820103205051248e-01 3.060537361860860561e-01 1.755998403289597276e-01 -8.082185227241364678e-02 -1.157916448995394559e-01 4.372151549200090082e-01 -1.534041990457861437e-02 -1.499564675131497826e-01 2.708371761838809788e-01 -3.621903775768926109e-02 1.622395433638337270e-01 -6.778257407743877583e-02 3.712258541579979004e-02 -3.074680490534064670e-01 2.739308262483501899e-01 4.223862378551901386e-01
6.126095015793201620e-02 1.030842869864896927e-01 2.354310960512050743e-01 -2.197286641462962431e-01 -1.645544833258798939e-02 -5.132522051930216156e-02 7.693707836392191246e-02 -9.803272384614815371e-02 -4.835637134812083987e-02 3.897033757584563579e-02 -5.736197381360661103e-03 1.660274225775269230e-01 -1.672898514654876101e-02 -3.201938322649973689e-01 -1.612294340751499189e-01 3.260390448643034622e-01
-2.756188786200803320e-01 1.240275538960770446e-01 2.170507624237457203e-03 -1.300916010075911511e-01 -8.782362976189558856e-02 2.477498203467874971e-01 -5.224085057925945824e-02 -1.669369077475348073e-01 3.365127105498945115e-01 4.469379652983935386e-02 2.202657830032265368e-02 2.338310054094925594e-01 -1.479879565810672259e-01 -1.224739969651683913e-01 2.559569393366809553e-01 5.973037765933134624e-01
1.438235360168554633e-01 -3.008571107189345062e-01 -1.976798829742276442e-01 9.312561896962836538e-01 -5.705904947884566335e-03 -5.127502462837858488e-01 2.012118598128700021e-03 -2.760509269514057618e-01 2.168684833791179045e-01 -7.545194835965433888e-02 -2.589206359543194114e-01 -2.491431902647853469e-01 -3.501450231888054154e-01 9.597110710631749642e-02 -4.377257480664467071e-01 -8.483008866854445662e-01
3.686182079239127551e-01 -7.790999200229691002e-02 -7.619045148061438788e-02 2.918980918760739063e-01 2.347839062480213956e-01 -3.155168145159992221e-01 2.775424717535857067e-01 9.167286900499750646e-02 1.924396291396456848e-01 -2.658726369551500657e-01 -1.511489684796363531e-01 -8.943109479785343874e-02 -2.421256966488333218e-02 2.454065203019958341e-01 -1.414075254364931811e-01 -3.966339998223471497e-01
-4.232347373510932098e-02 2.082035645628469989e-01 1.570973588719907499e-01 -1.112109985472505391e+00 9.013857635288454739e-01 6.433255385395897363e-01 2.761826695404162035e-01 -3.644162077658748972e-02 1.926351345814983018e+00 2.656050734373000544e-01 9.315294814168627591e-01 6.426525394323417961e-02 -1.636403909523116984e-01 -3.203449524027217610e-01 3.491006518389962454e-01 2.119642049955898777e+00
